{
  "camera_angle_x": 0.6007226453093971,
  "camera_angle_y": 1.0124571881903617,
  "fl_x": 1743.4416424933484,
  "fl_y": 1731.5464369157103,
  "k1": 0.030974547120145163,
  "k2": -0.06478064405717043,
  "k3": 0,
  "k4": 0,
  "p1": 0.007539927556834157,
  "p2": 0.0005028817565258638,
  "is_fisheye": false,
  "cx": 553.9009008573038,
  "cy": 928.2110088561953,
  "w": 1080.0,
  "h": 1920.0,
  "aabb_scale": 16,
  "frames": [
    {
      "file_path": "./images/0010.jpg",
      "sharpness": 13.29985214914823,
      "transform_matrix": [
        [
          -0.9244328460760787,
          0.34826164307833407,
          -0.15536325528085834,
          -0.47030142919405654
        ],
        [
          -0.21222200369483918,
          -0.13133237128903127,
          0.9683561480302851,
          3.934568051319349
        ],
        [
          0.3168370784708151,
          0.9281517312751614,
          0.19531674147678046,
          0.5467746947289416
        ],
        [
          0.0,
          0.0,
          0.0,
          1.0
        ]
      ]
    },
    {
      "file_path": "./images/0015.jpg",
      "sharpness": 10.65762537999665,
      "transform_matrix": [
        [
          -0.6715201895652951,
          0.6510170534648861,
          -0.3538890096336592,
          -1.3390035858756202
        ],
        [
          -0.4571847665259985,
          0.011831077057608804,
          0.8892930421975247,
          3.4460599695183354
        ],
        [
          0.583131824141074,
          0.7589708965210612,
          0.2896902724843005,
          1.1576532268890205
        ],
        [
          0.0,
          0.0,
          0.0,
          1.0
        ]
      ]
    },
    {
      "file_path": "./images/0012.jpg",
      "sharpness": 10.238833911544935,
      "transform_matrix": [
        [
          -0.669911212611681,
          0.6756339725610337,
          -0.3077949030993649,
          -1.5549173516158346
        ],
        [
          -0.44405027972361016,
          -0.03236881596205402,
          0.8954170027754115,
          3.5564843921656006
        ],
        [
          0.5950111901113637,
          0.7365263029411676,
          0.3216996872584456,
          1.2369118607140768
        ],
        [
          0.0,
          0.0,
          0.0,
          1.0
        ]
      ]
    },
    {
      "file_path": "./images/0005.jpg",
      "sharpness": 13.632003761573849,
      "transform_matrix": [
        [
          -0.776899477272786,
          -0.5366274905379488,
          0.3293298326110476,
          1.4425367638197784
        ],
        [
          0.40345225746299584,
          -0.022730512113759663,
          0.9147183171860954,
          3.726894893571571
        ],
        [
          -0.48337715935108194,
          0.8435130468905576,
          0.23416289545356045,
          0.8616558756715508
        ],
        [
          0.0,
          0.0,
          0.0,
          1.0
        ]
      ]
    },
    {
      "file_path": "./images/0004.jpg",
      "sharpness": 23.117620080795,
      "transform_matrix": [
        [
          -0.6349317032415839,
          -0.629915487313273,
          0.44728985132353255,
          1.8573256637430966
        ],
        [
          0.5210498940956751,
          0.07831534431983143,
          0.8499257113040265,
          3.6271948862226133
        ],
        [
          -0.5704110273333248,
          0.7727051091692771,
          0.27849250299486483,
          1.1098363940119595
        ],
        [
          0.0,
          0.0,
          0.0,
          1.0
        ]
      ]
    },
    {
      "file_path": "./images/0014.jpg",
      "sharpness": 13.199441313635838,
      "transform_matrix": [
        [
          -0.5356312953292273,
          0.7508292573703635,
          -0.38646415328721967,
          -1.9254672158948904
        ],
        [
          -0.5248370600593154,
          0.06253258676062975,
          0.848902665804521,
          3.3511657522857345
        ],
        [
          0.6615475613410365,
          0.6575295445228866,
          0.3605686095978975,
          1.489736239797936
        ],
        [
          0.0,
          0.0,
          0.0,
          1.0
        ]
      ]
    },
    {
      "file_path": "./images/0009.jpg",
      "sharpness": 25.287914630114866,
      "transform_matrix": [
        [
          -0.9886070944374072,
          0.14169794098116933,
          -0.050771117627339823,
          0.004665018589655607
        ],
        [
          -0.06903904255983756,
          -0.127140352200697,
          0.9894791263454763,
          3.9173066013794804
        ],
        [
          0.13375209707023725,
          0.9817112734535499,
          0.13547454435291997,
          0.5812104217516953
        ],
        [
          0.0,
          0.0,
          0.0,
          1.0
        ]
      ]
    },
    {
      "file_path": "./images/0016.jpg",
      "sharpness": 26.576841019836326,
      "transform_matrix": [
        [
          -0.8549139352407237,
          0.46515328926061555,
          -0.22968365387344075,
          -0.5146007272148464
        ],
        [
          -0.2901320309520703,
          -0.06168021232450228,
          0.9549968356240426,
          3.5363888423689986
        ],
        [
          0.43005298278562143,
          0.8830786878605823,
          0.18768714156204203,
          0.7509932465676457
        ],
        [
          0.0,
          0.0,
          0.0,
          1.0
        ]
      ]
    },
    {
      "file_path": "./images/0003.jpg",
      "sharpness": 21.68390239083574,
      "transform_matrix": [
        [
          -0.4876546156461358,
          -0.674394980678051,
          0.5544225698063487,
          2.2365406105790853
        ],
        [
          0.6396663679049773,
          0.15618692774729212,
          0.7526171546017403,
          3.2515269030082723
        ],
        [
          -0.5941547892874227,
          0.7216627007685708,
          0.3552225116041196,
          1.4364885380405998
        ],
        [
          0.0,
          0.0,
          0.0,
          1.0
        ]
      ]
    },
    {
      "file_path": "./images/0011.jpg",
      "sharpness": 24.47896941119443,
      "transform_matrix": [
        [
          -0.8136913568293426,
          0.5300730767188907,
          -0.23859779796636235,
          -1.0964578715679618
        ],
        [
          -0.33507333617194623,
          -0.09229384885808178,
          0.9376607621513586,
          3.8216182751682863
        ],
        [
          0.4750076160087721,
          0.8429142179684436,
          0.25271206133546187,
          0.8032587164173569
        ],
        [
          0.0,
          0.0,
          0.0,
          1.0
        ]
      ]
    },
    {
      "file_path": "./images/0013.jpg",
      "sharpness": 28.153164920413495,
      "transform_matrix": [
        [
          -0.5441969293990624,
          0.7575292475279899,
          -0.3605539366138083,
          -2.0377171203719815
        ],
        [
          -0.5125694552540435,
          0.04001563583006505,
          0.857712832163768,
          3.3570941191205614
        ],
        [
          0.6641703513687549,
          0.6515736244495365,
          0.3665099675977546,
          1.4580830830376323
        ],
        [
          0.0,
          0.0,
          0.0,
          1.0
        ]
      ]
    },
    {
      "file_path": "./images/0008.jpg",
      "sharpness": 34.38165644498294,
      "transform_matrix": [
        [
          -0.9965144366141799,
          -0.05937509015344702,
          0.0585967262242387,
          0.42848769777484846
        ],
        [
          0.06674924207605835,
          -0.1462186175814452,
          0.9869977986720874,
          3.963297715604657
        ],
        [
          -0.050035150974102355,
          0.9874688423467572,
          0.1496722055876182,
          0.6721898185797814
        ],
        [
          0.0,
          0.0,
          0.0,
          1.0
        ]
      ]
    },
    {
      "file_path": "./images/0007.jpg",
      "sharpness": 46.83607301045457,
      "transform_matrix": [
        [
          -0.9590572522903366,
          -0.24290942748021527,
          0.1456166093065917,
          0.7665412589878543
        ],
        [
          0.18311035099356496,
          -0.1395965315092955,
          0.9731307249174138,
          3.8302084202641837
        ],
        [
          -0.21605505366375127,
          0.9599519875992211,
          0.17836029646411466,
          0.6679003529699609
        ],
        [
          0.0,
          0.0,
          0.0,
          1.0
        ]
      ]
    },
    {
      "file_path": "./images/0018.jpg",
      "sharpness": 16.219963348765432,
      "transform_matrix": [
        [
          -0.9524616435573686,
          -0.09763934418348728,
          0.2885885930781388,
          1.109875058250032
        ],
        [
          0.29166077198342655,
          -0.018496938165349138,
          0.9563429601315849,
          3.4972339546000635
        ],
        [
          -0.08803869408035117,
          0.9950499594542294,
          0.0460951906262589,
          0.5339041618790545
        ],
        [
          0.0,
          0.0,
          0.0,
          1.0
        ]
      ]
    },
    {
      "file_path": "./images/0017.jpg",
      "sharpness": 12.018755755198486,
      "transform_matrix": [
        [
          -0.9801360336904951,
          0.19638673262995396,
          0.0276695996320982,
          0.3263920225814397
        ],
        [
          0.012899983087073462,
          -0.07609136209548382,
          0.9970173995871439,
          3.4790560528787697
        ],
        [
          0.19790640700477552,
          0.9775696169190348,
          0.072046500312923,
          0.5473536783833496
        ],
        [
          0.0,
          0.0,
          0.0,
          1.0
        ]
      ]
    },
    {
      "file_path": "./images/0006.jpg",
      "sharpness": 37.14919217750864,
      "transform_matrix": [
        [
          -0.8878811903825539,
          -0.40362404420527953,
          0.22080448985389423,
          1.0826306999985902
        ],
        [
          0.2829510326159937,
          -0.10062441464623918,
          0.9538414125772418,
          3.744117689695322
        ],
        [
          -0.36277500593209344,
          0.9093747072456654,
          0.20354836515417796,
          0.6667339311337565
        ],
        [
          0.0,
          0.0,
          0.0,
          1.0
        ]
      ]
    },
    {
      "file_path": "./images/0020.jpg",
      "sharpness": 9.708908632285361,
      "transform_matrix": [
        [
          -0.6227872555631274,
          -0.4968955987862176,
          0.6043432784853645,
          2.3279611112971828
        ],
        [
          0.6112292606981882,
          0.1731808908121853,
          0.7722740251701773,
          2.9470368455895746
        ],
        [
          -0.48840027148842974,
          0.8503547159949528,
          0.19586227778538481,
          0.9529323502046549
        ],
        [
          0.0,
          0.0,
          0.0,
          1.0
        ]
      ]
    },
    {
      "file_path": "./images/0002.jpg",
      "sharpness": 71.43689522381528,
      "transform_matrix": [
        [
          -0.3678132011870486,
          -0.6854886438870297,
          0.628346057654428,
          2.5485858506032444
        ],
        [
          0.7317073637086933,
          0.2036482187560163,
          0.650485769960173,
          2.844341761812607
        ],
        [
          -0.5738621637214986,
          0.6990226907187456,
          0.4266725852141351,
          1.8188190984825252
        ],
        [
          0.0,
          0.0,
          0.0,
          1.0
        ]
      ]
    },
    {
      "file_path": "./images/0001.jpg",
      "sharpness": 170.8645896697669,
      "transform_matrix": [
        [
          -0.30592776898930685,
          -0.689712107073781,
          0.6562815017600874,
          2.610262422471021
        ],
        [
          0.7726716571661062,
          0.2228632948270846,
          0.594399244666161,
          2.692900392652632
        ],
        [
          -0.556225413298082,
          0.6889333503420751,
          0.4647409261641691,
          1.9613983396064556
        ],
        [
          0.0,
          0.0,
          0.0,
          1.0
        ]
      ]
    }
  ]
}